,DATE,GDP_US,GDP_growth
0,1960-01-01,100.996570256294,
1,1960-02-01,101.00702455122699,0.01
2,1960-03-01,100.928952384514,-0.08
3,1960-04-01,100.76489887694001,-0.16
4,1960-05-01,100.534345813279,-0.23
5,1960-06-01,100.25534424290501,-0.28
6,1960-07-01,99.9309488165888,-0.32
7,1960-08-01,99.560612512167,-0.37
8,1960-09-01,99.1544321668625,-0.41
9,1960-10-01,98.7500940807551,-0.41
10,1960-11-01,98.3956057382036,-0.36
11,1960-12-01,98.1323174262332,-0.27
12,1961-01-01,97.9747292643132,-0.16
13,1961-02-01,97.92372620145159,-0.05
14,1961-03-01,97.97158200648191,0.05
15,1961-04-01,98.098826622446,0.13
16,1961-05-01,98.2843601249353,0.19
17,1961-06-01,98.50945398472841,0.23
18,1961-07-01,98.7572137715274,0.25
19,1961-08-01,99.0139228935289,0.26
20,1961-09-01,99.2683461766066,0.26
21,1961-10-01,99.50994674527479,0.24
22,1961-11-01,99.72840642805642,0.22
23,1961-12-01,99.9136175671917,0.19
24,1962-01-01,100.056897279532,0.14
25,1962-02-01,100.151263848843,0.09
26,1962-03-01,100.19430051113301,0.04
27,1962-04-01,100.194091613777,-0.0
28,1962-05-01,100.160770288069,-0.03
29,1962-06-01,100.100869442484,-0.06
30,1962-07-01,100.01380821041201,-0.09
31,1962-08-01,99.8969515647522,-0.12
32,1962-09-01,99.75229404846121,-0.14
33,1962-10-01,99.5949115417324,-0.16
34,1962-11-01,99.4447886666402,-0.15
35,1962-12-01,99.3194766638698,-0.13
36,1963-01-01,99.2261650528272,-0.09
37,1963-02-01,99.1675382133508,-0.06
38,1963-03-01,99.1450332834331,-0.02
39,1963-04-01,99.1593430802732,0.01
40,1963-05-01,99.20894601136558,0.05
41,1963-06-01,99.28573412958842,0.08
42,1963-07-01,99.3678267887041,0.08
43,1963-08-01,99.4325100874798,0.07
44,1963-09-01,99.4684432688741,0.04
45,1963-10-01,99.4887287091129,0.02
46,1963-11-01,99.5148331802375,0.03
47,1963-12-01,99.5614617706036,0.05
48,1964-01-01,99.6208744485199,0.06
49,1964-02-01,99.67554903345058,0.05
50,1964-03-01,99.7095846908016,0.03
51,1964-04-01,99.72014192120159,0.01
52,1964-05-01,99.709910562133,-0.01
53,1964-06-01,99.6811035913842,-0.03
54,1964-07-01,99.63082562671819,-0.05
55,1964-08-01,99.55767978934419,-0.07
56,1964-09-01,99.46970802582199,-0.09
57,1964-10-01,99.39374353435879,-0.08
58,1964-11-01,99.3603744055105,-0.03
59,1964-12-01,99.3882156451722,0.03
60,1965-01-01,99.4651669155852,0.08
61,1965-02-01,99.56851212437272,0.1
62,1965-03-01,99.681139658281,0.11
63,1965-04-01,99.805691737442,0.12
64,1965-05-01,99.9552226740917,0.15
65,1965-06-01,100.142946170418,0.19
66,1965-07-01,100.370102133995,0.23
67,1965-08-01,100.63118961315399,0.26
68,1965-09-01,100.91620781118401,0.28
69,1965-10-01,101.21031978178499,0.29
70,1965-11-01,101.49437818465799,0.28
71,1965-12-01,101.744708517642,0.25
72,1966-01-01,101.933573042685,0.19
73,1966-02-01,102.03592004863701,0.1
74,1966-03-01,102.04053477967899,0.0
75,1966-04-01,101.967183529072,-0.07
76,1966-05-01,101.84725403768199,-0.12
77,1966-06-01,101.710145677657,-0.13
78,1966-07-01,101.573408740788,-0.13
79,1966-08-01,101.44521945032899,-0.13
80,1966-09-01,101.32705697722,-0.12
81,1966-10-01,101.215969364678,-0.11
82,1966-11-01,101.105917132203,-0.11
83,1966-12-01,100.988829227526,-0.12
84,1967-01-01,100.85581273039499,-0.13
85,1967-02-01,100.700598002477,-0.15
86,1967-03-01,100.524316018732,-0.18
87,1967-04-01,100.34201938312401,-0.18
88,1967-05-01,100.17387100539,-0.17
89,1967-06-01,100.037178754985,-0.14
90,1967-07-01,99.9378237855404,-0.1
91,1967-08-01,99.8780934328977,-0.06
92,1967-09-01,99.86196837274679,-0.02
93,1967-10-01,99.89775369937941,0.04
94,1967-11-01,99.9940083247565,0.1
95,1967-12-01,100.151955332332,0.16
96,1968-01-01,100.35363940298599,0.2
97,1968-02-01,100.572471865392,0.22
98,1968-03-01,100.780718037305,0.21
99,1968-04-01,100.95592407544001,0.17
100,1968-05-01,101.081404439599,0.12
101,1968-06-01,101.149214661014,0.07
102,1968-07-01,101.166752272073,0.02
103,1968-08-01,101.14926753146,-0.02
104,1968-09-01,101.116106548792,-0.03
105,1968-10-01,101.089666496651,-0.03
106,1968-11-01,101.087818352506,-0.0
107,1968-12-01,101.116107195085,0.03
108,1969-01-01,101.158370973518,0.04
109,1969-02-01,101.18995421461099,0.03
110,1969-03-01,101.18999653844,0.0
111,1969-04-01,101.154578902348,-0.04
112,1969-05-01,101.086160684685,-0.07
113,1969-06-01,100.98571069462099,-0.1
114,1969-07-01,100.847401554144,-0.14
115,1969-08-01,100.663296454985,-0.18
116,1969-09-01,100.430845924148,-0.23
117,1969-10-01,100.16365327775101,-0.27
118,1969-11-01,99.88182350018191,-0.28
119,1969-12-01,99.6050740416906,-0.28
120,1970-01-01,99.3471928960736,-0.26
121,1970-02-01,99.1174306047448,-0.23
122,1970-03-01,98.9206590021512,-0.2
123,1970-04-01,98.7556188624738,-0.17
124,1970-05-01,98.6168359001111,-0.14
125,1970-06-01,98.4942889054601,-0.12
126,1970-07-01,98.37123799186409,-0.12
127,1970-08-01,98.23679608081258,-0.14
128,1970-09-01,98.0984017882164,-0.14
129,1970-10-01,97.9949426153359,-0.11
130,1970-11-01,97.969848828064,-0.03
131,1970-12-01,98.0419646704553,0.07
132,1971-01-01,98.1843840051118,0.15
133,1971-02-01,98.34508288016849,0.16
134,1971-03-01,98.4758437107768,0.13
135,1971-04-01,98.55986056914008,0.09
136,1971-05-01,98.59848807727779,0.04
137,1971-06-01,98.60110579600841,0.0
138,1971-07-01,98.57809144253581,-0.02
139,1971-08-01,98.5421213028203,-0.04
140,1971-09-01,98.51124030891279,-0.03
141,1971-10-01,98.51280595648541,0.0
142,1971-11-01,98.5752309378166,0.06
143,1971-12-01,98.71745212088359,0.14
144,1972-01-01,98.933915634176,0.22
145,1972-02-01,99.20628386762822,0.28
146,1972-03-01,99.5095599126314,0.31
147,1972-04-01,99.8140757659351,0.31
148,1972-05-01,100.09478451966999,0.28
149,1972-06-01,100.34047250354999,0.25
150,1972-07-01,100.564613831024,0.22
151,1972-08-01,100.792012854223,0.23
152,1972-09-01,101.04680646792299,0.25
153,1972-10-01,101.34012161143299,0.29
154,1972-11-01,101.67114249264,0.33
155,1972-12-01,102.02527788982701,0.35
156,1973-01-01,102.36945576289,0.34
157,1973-02-01,102.66326564845801,0.29
158,1973-03-01,102.87098336407,0.2
159,1973-04-01,102.97732931401698,0.1
160,1973-05-01,102.98085834346001,0.0
161,1973-06-01,102.89439291587401,-0.08
162,1973-07-01,102.75262300588699,-0.14
163,1973-08-01,102.59166073675199,-0.16
164,1973-09-01,102.432853444769,-0.15
165,1973-10-01,102.26833893205601,-0.16
166,1973-11-01,102.07816322190901,-0.19
167,1973-12-01,101.84768414590599,-0.23
168,1974-01-01,101.586617044051,-0.26
169,1974-02-01,101.312625531882,-0.27
170,1974-03-01,101.03736805058399,-0.27
171,1974-04-01,100.753779124871,-0.28
172,1974-05-01,100.44684084129601,-0.3
173,1974-06-01,100.104833249732,-0.34
174,1974-07-01,99.7320726248164,-0.37
175,1974-08-01,99.3394257237191,-0.39
176,1974-09-01,98.9372073518185,-0.4
177,1974-10-01,98.5296878981293,-0.41
178,1974-11-01,98.1219821410995,-0.41
179,1974-12-01,97.7271726757632,-0.4
180,1975-01-01,97.373298442031,-0.36
181,1975-02-01,97.09269700679658,-0.29
182,1975-03-01,96.90873440322241,-0.19
183,1975-04-01,96.8312554642512,-0.08
184,1975-05-01,96.8561687262348,0.03
185,1975-06-01,96.97082911229151,0.12
186,1975-07-01,97.15170104739799,0.19
187,1975-08-01,97.37533457837691,0.23
188,1975-09-01,97.62438247957701,0.26
189,1975-10-01,97.890383835061,0.27
190,1975-11-01,98.16770983471642,0.28
191,1975-12-01,98.44596878912691,0.28
192,1976-01-01,98.70124132259019,0.26
193,1976-02-01,98.90570336578091,0.21
194,1976-03-01,99.0387431124418,0.13
195,1976-04-01,99.10147759317671,0.06
196,1976-05-01,99.10591817057221,0.0
197,1976-06-01,99.06884002805211,-0.04
198,1976-07-01,99.00964192464261,-0.06
199,1976-08-01,98.9473815672187,-0.06
200,1976-09-01,98.8993317741519,-0.05
201,1976-10-01,98.8796969438463,-0.02
202,1976-11-01,98.9009088809852,0.02
203,1976-12-01,98.9727921885742,0.07
204,1977-01-01,99.0986957396643,0.13
205,1977-02-01,99.27731707809191,0.18
206,1977-03-01,99.50047872299841,0.22
207,1977-04-01,99.7469208615459,0.25
208,1977-05-01,99.98871585740231,0.24
209,1977-06-01,100.19593790794701,0.21
210,1977-07-01,100.341654734776,0.15
211,1977-08-01,100.407251323364,0.07
212,1977-09-01,100.392066019368,-0.02
213,1977-10-01,100.328490594727,-0.06
214,1977-11-01,100.2656547422,-0.06
215,1977-12-01,100.256740537493,-0.01
216,1978-01-01,100.34665829646299,0.09
217,1978-02-01,100.562771657253,0.22
218,1978-03-01,100.89842495922301,0.33
219,1978-04-01,101.309469687449,0.41
220,1978-05-01,101.730477481744,0.42
221,1978-06-01,102.108221766693,0.37
222,1978-07-01,102.41601597353399,0.3
223,1978-08-01,102.651269114516,0.23
224,1978-09-01,102.81900966439899,0.16
225,1978-10-01,102.920472922593,0.1
226,1978-11-01,102.954102986004,0.03
227,1978-12-01,102.921492451563,-0.03
228,1979-01-01,102.838308642778,-0.08
229,1979-02-01,102.725461502223,-0.11
230,1979-03-01,102.604161334972,-0.12
231,1979-04-01,102.493429518693,-0.11
232,1979-05-01,102.406992020149,-0.08
233,1979-06-01,102.3497206099,-0.06
234,1979-07-01,102.31258918573799,-0.04
235,1979-08-01,102.279301823979,-0.03
236,1979-09-01,102.23164488364401,-0.05
237,1979-10-01,102.154765356026,-0.08
238,1979-11-01,102.033315216692,-0.12
239,1979-12-01,101.849941847445,-0.18
240,1980-01-01,101.587217284243,-0.26
241,1980-02-01,101.235556505476,-0.35
242,1980-03-01,100.806765479613,-0.42
243,1980-04-01,100.35354492945999,-0.45
244,1980-05-01,99.94449876764651,-0.41
245,1980-06-01,99.6418249119961,-0.3
246,1980-07-01,99.4768066448277,-0.17
247,1980-08-01,99.4590253278443,-0.02
248,1980-09-01,99.5752642511562,0.12
249,1980-10-01,99.79472706158,0.22
250,1980-11-01,100.070506255851,0.28
251,1980-12-01,100.350820535319,0.28
252,1981-01-01,100.58638437669902,0.23
253,1981-02-01,100.740358513321,0.15
254,1981-03-01,100.801560051841,0.06
255,1981-04-01,100.78864549647301,-0.01
256,1981-05-01,100.73365631358699,-0.05
257,1981-06-01,100.65611146628099,-0.08
258,1981-07-01,100.540172789508,-0.12
259,1981-08-01,100.354150579161,-0.19
260,1981-09-01,100.072559340658,-0.28
261,1981-10-01,99.7026865783416,-0.37
262,1981-11-01,99.2700244918153,-0.43
263,1981-12-01,98.8098587816326,-0.46
264,1982-01-01,98.36335632317751,-0.45
265,1982-02-01,97.9664961408602,-0.4
266,1982-03-01,97.6382880181687,-0.34
267,1982-04-01,97.3655088873107,-0.28
268,1982-05-01,97.1232877088138,-0.25
269,1982-06-01,96.89101211204171,-0.24
270,1982-07-01,96.6655781093845,-0.23
271,1982-08-01,96.4568340887511,-0.22
272,1982-09-01,96.2823684364602,-0.18
273,1982-10-01,96.1609468533053,-0.13
274,1982-11-01,96.1117406374181,-0.05
275,1982-12-01,96.1495003310609,0.04
276,1983-01-01,96.27421443540341,0.13
277,1983-02-01,96.47937057087229,0.21
278,1983-03-01,96.7534340326487,0.28
279,1983-04-01,97.0750293509272,0.33
280,1983-05-01,97.4221120922475,0.36
281,1983-06-01,97.77733171551621,0.36
282,1983-07-01,98.1311729479434,0.36
283,1983-08-01,98.47949999674809,0.35
284,1983-09-01,98.8206861943993,0.35
285,1983-10-01,99.1526244143966,0.34
286,1983-11-01,99.47234056092199,0.32
287,1983-12-01,99.77581291763451,0.31
288,1984-01-01,100.05823048844499,0.28
289,1984-02-01,100.313161930223,0.25
290,1984-03-01,100.53283865278601,0.22
291,1984-04-01,100.710046500594,0.18
292,1984-05-01,100.838253608421,0.13
293,1984-06-01,100.914463628097,0.08
294,1984-07-01,100.94526526831699,0.03
295,1984-08-01,100.94090332904699,-0.0
296,1984-09-01,100.912384975909,-0.03
297,1984-10-01,100.87094409475701,-0.04
298,1984-11-01,100.826295366525,-0.04
299,1984-12-01,100.785711117828,-0.04
300,1985-01-01,100.753231738034,-0.03
301,1985-02-01,100.73172908712799,-0.02
302,1985-03-01,100.72428084373001,-0.01
303,1985-04-01,100.734664752458,0.01
304,1985-05-01,100.765108145233,0.03
305,1985-06-01,100.81269247128799,0.05
306,1985-07-01,100.86424727770701,0.05
307,1985-08-01,100.903633355299,0.04
308,1985-09-01,100.918644815194,0.01
309,1985-10-01,100.908690473303,-0.01
310,1985-11-01,100.878178235187,-0.03
311,1985-12-01,100.831682658265,-0.05
312,1986-01-01,100.77061407824499,-0.06
313,1986-02-01,100.69516791179899,-0.07
314,1986-03-01,100.607328657362,-0.09
315,1986-04-01,100.51490841391701,-0.09
316,1986-05-01,100.426590834007,-0.09
317,1986-06-01,100.34741993376801,-0.08
318,1986-07-01,100.27411239940001,-0.07
319,1986-08-01,100.200394523914,-0.07
320,1986-09-01,100.121935859594,-0.08
321,1986-10-01,100.041339181655,-0.08
322,1986-11-01,99.9649846543571,-0.08
323,1986-12-01,99.9001476917062,-0.06
324,1987-01-01,99.8519392379868,-0.05
325,1987-02-01,99.82390886836659,-0.03
326,1987-03-01,99.81754458700529,-0.01
327,1987-04-01,99.8304158769023,0.01
328,1987-05-01,99.8598652063759,0.03
329,1987-06-01,99.90537916363381,0.05
330,1987-07-01,99.96984483049499,0.06
331,1987-08-01,100.055597286644,0.09
332,1987-09-01,100.159192016175,0.1
333,1987-10-01,100.264712594308,0.11
334,1987-11-01,100.353662191495,0.09
335,1987-12-01,100.41478385228399,0.06
336,1988-01-01,100.455117901192,0.04
337,1988-02-01,100.488654109986,0.03
338,1988-03-01,100.526588621252,0.04
339,1988-04-01,100.568227298693,0.04
340,1988-05-01,100.608411593244,0.04
341,1988-06-01,100.64477394416299,0.04
342,1988-07-01,100.68519919081,0.04
343,1988-08-01,100.74081981776301,0.06
344,1988-09-01,100.81888975645201,0.08
345,1988-10-01,100.91472073183901,0.1
346,1988-11-01,101.01783364452601,0.1
347,1988-12-01,101.11694829767599,0.1
348,1989-01-01,101.20458766383301,0.09
349,1989-02-01,101.275839376848,0.07
350,1989-03-01,101.32808281175699,0.05
351,1989-04-01,101.362034106845,0.03
352,1989-05-01,101.37917800076401,0.02
353,1989-06-01,101.380672925581,0.0
354,1989-07-01,101.367627511897,-0.01
355,1989-08-01,101.342312805511,-0.02
356,1989-09-01,101.310574101143,-0.03
357,1989-10-01,101.28527071266501,-0.02
358,1989-11-01,101.278994561666,-0.01
359,1989-12-01,101.29652925436899,0.02
360,1990-01-01,101.326104082958,0.03
361,1990-02-01,101.3479236147,0.02
362,1990-03-01,101.34192550091,-0.01
363,1990-04-01,101.29620547435499,-0.05
364,1990-05-01,101.20238975797301,-0.09
365,1990-06-01,101.053969823659,-0.15
366,1990-07-01,100.84818362259001,-0.2
367,1990-08-01,100.58568090730999,-0.26
368,1990-09-01,100.274357944494,-0.31
369,1990-10-01,99.93721783650258,-0.34
370,1990-11-01,99.6033634172719,-0.33
371,1990-12-01,99.3011262276095,-0.3
372,1991-01-01,99.0512641660426,-0.25
373,1991-02-01,98.86739265212591,-0.19
374,1991-03-01,98.75270400436209,-0.12
375,1991-04-01,98.6919326514516,-0.06
376,1991-05-01,98.6637997764336,-0.03
377,1991-06-01,98.6494118428717,-0.01
378,1991-07-01,98.6382524048616,-0.01
379,1991-08-01,98.6276490946787,-0.01
380,1991-09-01,98.6219415426005,-0.01
381,1991-10-01,98.63152257526241,0.01
382,1991-11-01,98.66828967349458,0.04
383,1991-12-01,98.7399104726582,0.07
384,1992-01-01,98.8420024950475,0.1
385,1992-02-01,98.9649983892558,0.12
386,1992-03-01,99.098629570349,0.14
387,1992-04-01,99.2347393378208,0.14
388,1992-05-01,99.3671367681767,0.13
389,1992-06-01,99.4910862439097,0.12
390,1992-07-01,99.6028679408646,0.11
391,1992-08-01,99.69800253444679,0.1
392,1992-09-01,99.7701505656563,0.07
393,1992-10-01,99.81101532755649,0.04
394,1992-11-01,99.8130450132475,0.0
395,1992-12-01,99.7741782498572,-0.04
396,1993-01-01,99.7051300709866,-0.07
397,1993-02-01,99.6214488325872,-0.08
398,1993-03-01,99.53760388496451,-0.08
399,1993-04-01,99.46202609686891,-0.08
400,1993-05-01,99.4006132082025,-0.06
401,1993-06-01,99.35945830635981,-0.04
402,1993-07-01,99.3463830533379,-0.01
403,1993-08-01,99.3687543624649,0.02
404,1993-09-01,99.42912036220609,0.06
405,1993-10-01,99.51809711260701,0.09
406,1993-11-01,99.62251941429821,0.1
407,1993-12-01,99.7312853789918,0.11
408,1994-01-01,99.8398721568055,0.11
409,1994-02-01,99.9466283030434,0.11
410,1994-03-01,100.04884666196999,0.1
411,1994-04-01,100.13873603062599,0.09
412,1994-05-01,100.20767477725401,0.07
413,1994-06-01,100.25111991705299,0.04
414,1994-07-01,100.274772184682,0.02
415,1994-08-01,100.286659504297,0.01
416,1994-09-01,100.290451445979,0.0
417,1994-10-01,100.279456028597,-0.01
418,1994-11-01,100.24278001308599,-0.04
419,1994-12-01,100.172334077281,-0.07
420,1995-01-01,100.07143101089599,-0.1
421,1995-02-01,99.94937634073321,-0.12
422,1995-03-01,99.818101828865,-0.13
423,1995-04-01,99.6902017674638,-0.13
424,1995-05-01,99.5763880661071,-0.11
425,1995-06-01,99.48261059529949,-0.09
426,1995-07-01,99.406060475314,-0.08
427,1995-08-01,99.34099689827428,-0.07
428,1995-09-01,99.28312029432941,-0.06
429,1995-10-01,99.2329272311398,-0.05
430,1995-11-01,99.1949893539436,-0.04
431,1995-12-01,99.1765329284376,-0.02
432,1996-01-01,99.18499581687809,0.01
433,1996-02-01,99.2255706139885,0.04
434,1996-03-01,99.29664601474009,0.07
435,1996-04-01,99.3827388886174,0.09
436,1996-05-01,99.46402210815121,0.08
437,1996-06-01,99.5245408354379,0.06
438,1996-07-01,99.560557549607,0.04
439,1996-08-01,99.57481327491101,0.01
440,1996-09-01,99.57235784706042,-0.0
441,1996-10-01,99.5577834198066,-0.01
442,1996-11-01,99.5365974807587,-0.02
443,1996-12-01,99.5173146267892,-0.02
444,1997-01-01,99.51387976803709,-0.0
445,1997-02-01,99.5399585430344,0.03
446,1997-03-01,99.6020203253696,0.06
447,1997-04-01,99.69018545456709,0.09
448,1997-05-01,99.7873761966362,0.1
449,1997-06-01,99.87639673334499,0.09
450,1997-07-01,99.9462228412946,0.07
451,1997-08-01,99.9907909522732,0.04
452,1997-09-01,100.00903997105301,0.02
453,1997-10-01,100.006640611393,-0.0
454,1997-11-01,99.9916939913877,-0.01
455,1997-12-01,99.97186485302521,-0.02
456,1998-01-01,99.9523915236756,-0.02
457,1998-02-01,99.93749475209249,-0.01
458,1998-03-01,99.9317290629359,-0.01
459,1998-04-01,99.9409822161935,0.01
460,1998-05-01,99.9714869926886,0.03
461,1998-06-01,100.027758417593,0.06
462,1998-07-01,100.109004996672,0.08
463,1998-08-01,100.210629359888,0.1
464,1998-09-01,100.32390239961201,0.11
465,1998-10-01,100.434151692369,0.11
466,1998-11-01,100.525991073879,0.09
467,1998-12-01,100.58876745532,0.06
468,1999-01-01,100.623317806126,0.03
469,1999-02-01,100.63734230035801,0.01
470,1999-03-01,100.642833847186,0.01
471,1999-04-01,100.655051612978,0.01
472,1999-05-01,100.688690713528,0.03
473,1999-06-01,100.753697897521,0.06
474,1999-07-01,100.84965510259501,0.1
475,1999-08-01,100.969403961262,0.12
476,1999-09-01,101.10048500809201,0.13
477,1999-10-01,101.224930117356,0.12
478,1999-11-01,101.326870988438,0.1
479,1999-12-01,101.400708797077,0.07
480,2000-01-01,101.460941994275,0.06
481,2000-02-01,101.526426070255,0.06
482,2000-03-01,101.605730352153,0.08
483,2000-04-01,101.68224832081499,0.08
484,2000-05-01,101.72948302736799,0.05
485,2000-06-01,101.726617825164,-0.0
486,2000-07-01,101.676227369724,-0.05
487,2000-08-01,101.59030274135999,-0.08
488,2000-09-01,101.47982293216101,-0.11
489,2000-10-01,101.347113596231,-0.13
490,2000-11-01,101.190536190761,-0.15
491,2000-12-01,101.010899612355,-0.18
492,2001-01-01,100.81965794439199,-0.19
493,2001-02-01,100.62987447287901,-0.19
494,2001-03-01,100.44830272989701,-0.18
495,2001-04-01,100.267637040824,-0.18
496,2001-05-01,100.076521173353,-0.19
497,2001-06-01,99.869496644202,-0.21
498,2001-07-01,99.65767891183991,-0.21
499,2001-08-01,99.4599470573741,-0.2
500,2001-09-01,99.2947300276681,-0.17
501,2001-10-01,99.1710340453432,-0.12
502,2001-11-01,99.0914850715502,-0.08
503,2001-12-01,99.05240773727529,-0.04
504,2002-01-01,99.04075213896921,-0.01
505,2002-02-01,99.0404892658087,-0.0
506,2002-03-01,99.0370163601832,-0.0
507,2002-04-01,99.0207464377088,-0.02
508,2002-05-01,98.9855626698924,-0.04
509,2002-06-01,98.9281866967243,-0.06
510,2002-07-01,98.8488860922624,-0.08
511,2002-08-01,98.7505208089645,-0.1
512,2002-09-01,98.63914733202341,-0.11
513,2002-10-01,98.52596757041891,-0.11
514,2002-11-01,98.4243206254596,-0.1
515,2002-12-01,98.3468428309642,-0.08
516,2003-01-01,98.3018371154376,-0.05
517,2003-02-01,98.2960617356488,-0.01
518,2003-03-01,98.33514733153099,0.04
519,2003-04-01,98.4211587022979,0.09
520,2003-05-01,98.5531561701138,0.13
521,2003-06-01,98.72429663070619,0.17
522,2003-07-01,98.91550603812759,0.19
523,2003-08-01,99.1034908889188,0.19
524,2003-09-01,99.26726442735729,0.17
525,2003-10-01,99.39488285591129,0.13
526,2003-11-01,99.48112588389259,0.09
527,2003-12-01,99.5276796011189,0.05
528,2004-01-01,99.5462019491097,0.02
529,2004-02-01,99.5517576435921,0.01
530,2004-03-01,99.5582760587201,0.01
531,2004-04-01,99.5749915955757,0.02
532,2004-05-01,99.60763899362959,0.03
533,2004-06-01,99.6589485105393,0.05
534,2004-07-01,99.72802964845181,0.07
535,2004-08-01,99.81235601873591,0.08
536,2004-09-01,99.90851180291081,0.1
537,2004-10-01,100.01189181452801,0.1
538,2004-11-01,100.1169601356,0.11
539,2004-12-01,100.217055501651,0.1
540,2005-01-01,100.30415236819,0.09
541,2005-02-01,100.371466225577,0.07
542,2005-03-01,100.417089193263,0.05
543,2005-04-01,100.449137821395,0.03
544,2005-05-01,100.47934855016199,0.03
545,2005-06-01,100.51779823737,0.04
546,2005-07-01,100.567931168803,0.05
547,2005-08-01,100.63018171366699,0.06
548,2005-09-01,100.704917046241,0.07
549,2005-10-01,100.79468221146799,0.09
550,2005-11-01,100.90045784203501,0.1
551,2005-12-01,101.017018687904,0.12
552,2006-01-01,101.12731376773,0.11
553,2006-02-01,101.211021744603,0.08
554,2006-03-01,101.25379310305901,0.04
555,2006-04-01,101.258604133139,0.0
556,2006-05-01,101.237463404267,-0.02
557,2006-06-01,101.206042093906,-0.03
558,2006-07-01,101.18043524734699,-0.03
559,2006-08-01,101.173306434137,-0.01
560,2006-09-01,101.189912283545,0.02
561,2006-10-01,101.223066277209,0.03
562,2006-11-01,101.26131101097201,0.04
563,2006-12-01,101.29613537853399,0.03
564,2007-01-01,101.329079992178,0.03
565,2007-02-01,101.366501761943,0.04
566,2007-03-01,101.414734026394,0.05
567,2007-04-01,101.47518478074801,0.06
568,2007-05-01,101.546039881371,0.07
569,2007-06-01,101.62333265557501,0.08
570,2007-07-01,101.70150861169701,0.08
571,2007-08-01,101.773210735387,0.07
572,2007-09-01,101.82923904692,0.06
573,2007-10-01,101.85921231841,0.03
574,2007-11-01,101.85501963490101,-0.0
575,2007-12-01,101.81635077182399,-0.04
576,2008-01-01,101.758831743706,-0.06
577,2008-02-01,101.699764713314,-0.06
578,2008-03-01,101.645441619048,-0.05
579,2008-04-01,101.578793374424,-0.07
580,2008-05-01,101.470051986341,-0.11
581,2008-06-01,101.288464816747,-0.18
582,2008-07-01,101.01714500420401,-0.27
583,2008-08-01,100.65086712827299,-0.36
584,2008-09-01,100.200234049241,-0.45
585,2008-10-01,99.7023768284638,-0.5
586,2008-11-01,99.203739523786,-0.5
587,2008-12-01,98.7467030580042,-0.46
588,2009-01-01,98.3567930270412,-0.39
589,2009-02-01,98.049478880737,-0.31
590,2009-03-01,97.8320235982963,-0.22
591,2009-04-01,97.6993006295595,-0.14
592,2009-05-01,97.64309344427771,-0.06
593,2009-06-01,97.65512390292379,0.01
594,2009-07-01,97.7244967168771,0.07
595,2009-08-01,97.8404217211044,0.12
596,2009-09-01,97.99071289080669,0.15
597,2009-10-01,98.15680986445071,0.17
598,2009-11-01,98.32110706472929,0.17
599,2009-12-01,98.4730629543293,0.15
600,2010-01-01,98.6153320439067,0.14
601,2010-02-01,98.75630146132829,0.14
602,2010-03-01,98.90310001904541,0.15
603,2010-04-01,99.0544863466658,0.15
604,2010-05-01,99.20415673081499,0.15
605,2010-06-01,99.3435543305707,0.14
606,2010-07-01,99.46463420319441,0.12
607,2010-08-01,99.55955852322771,0.1
608,2010-09-01,99.62152358666809,0.06
609,2010-10-01,99.64727882777099,0.03
610,2010-11-01,99.63706117101931,-0.01
611,2010-12-01,99.59692125926279,-0.04
612,2011-01-01,99.5434110058355,-0.05
613,2011-02-01,99.4949177241508,-0.05
614,2011-03-01,99.4638291632421,-0.03
615,2011-04-01,99.4482079145778,-0.02
616,2011-05-01,99.44175859160141,-0.01
617,2011-06-01,99.4424526956028,0.0
618,2011-07-01,99.4602917459943,0.02
619,2011-08-01,99.50916068533041,0.05
620,2011-09-01,99.5972968016948,0.09
621,2011-10-01,99.7153148979761,0.12
622,2011-11-01,99.8456660822608,0.13
623,2011-12-01,99.9697390101004,0.12
624,2012-01-01,100.073920140369,0.1
625,2012-02-01,100.14841231307501,0.07
626,2012-03-01,100.18729551678301,0.04
627,2012-04-01,100.19052472101299,0.0
628,2012-05-01,100.16107053398001,-0.03
629,2012-06-01,100.10443846389799,-0.06
630,2012-07-01,100.030364633158,-0.07
631,2012-08-01,99.9502048496192,-0.08
632,2012-09-01,99.8754552666165,-0.07
633,2012-10-01,99.8165990973518,-0.06
634,2012-11-01,99.7810223714474,-0.04
635,2012-12-01,99.7696724930066,-0.01
636,2013-01-01,99.7719092376768,0.0
637,2013-02-01,99.7744372175412,0.0
638,2013-03-01,99.7690858640308,-0.01
639,2013-04-01,99.7604056571969,-0.01
640,2013-05-01,99.75804765435541,-0.0
641,2013-06-01,99.7692720447894,0.01
642,2013-07-01,99.7908949678185,0.02
643,2013-08-01,99.8137991277154,0.02
644,2013-09-01,99.82655106610821,0.01
645,2013-10-01,99.8187990376166,-0.01
646,2013-11-01,99.78570689789841,-0.03
647,2013-12-01,99.73370983210621,-0.05
648,2014-01-01,99.68790919895399,-0.05
649,2014-02-01,99.6784544462826,-0.01
650,2014-03-01,99.72650492894721,0.05
651,2014-04-01,99.82751838645969,0.1
652,2014-05-01,99.96403279781981,0.14
653,2014-06-01,100.11440394172399,0.15
654,2014-07-01,100.25888246314699,0.14
655,2014-08-01,100.382246353776,0.12
656,2014-09-01,100.47677374681801,0.09
657,2014-10-01,100.546616191005,0.07
658,2014-11-01,100.60067419174,0.05
659,2014-12-01,100.647134210723,0.05
660,2015-01-01,100.68906877204,0.04
661,2015-02-01,100.725232673631,0.04
662,2015-03-01,100.751121571117,0.03
663,2015-04-01,100.760385390252,0.01
664,2015-05-01,100.746143249666,-0.01
665,2015-06-01,100.703439911312,-0.04
666,2015-07-01,100.63332564549499,-0.07
667,2015-08-01,100.540428731028,-0.09
668,2015-09-01,100.432462945973,-0.11
669,2015-10-01,100.321342974447,-0.11
670,2015-11-01,100.219174431137,-0.1
671,2015-12-01,100.134506630716,-0.08
672,2016-01-01,100.06797082422399,-0.07
673,2016-02-01,100.01644363776501,-0.05
674,2016-03-01,99.9758503003315,-0.04
675,2016-04-01,99.942847874417,-0.03
676,2016-05-01,99.9150565270949,-0.03
677,2016-06-01,99.8907165406786,-0.02
678,2016-07-01,99.8679411592358,-0.02
679,2016-08-01,99.8452260258556,-0.02
680,2016-09-01,99.8218074470113,-0.02
681,2016-10-01,99.79797714372249,-0.02
682,2016-11-01,99.77464970135179,-0.02
683,2016-12-01,99.7529237458906,-0.02
684,2017-01-01,99.73357124376591,-0.02
685,2017-02-01,99.71775252417959,-0.02
686,2017-03-01,99.70751887140891,-0.01
687,2017-04-01,99.70602060929122,-0.0
688,2017-05-01,99.71667157594679,0.01
689,2017-06-01,99.74164961774571,0.03
690,2017-07-01,99.77948403566609,0.04
691,2017-08-01,99.8269294114977,0.05
692,2017-09-01,99.8798571042563,0.05
693,2017-10-01,99.9334015185104,0.05
694,2017-11-01,99.9835297401013,0.05
695,2017-12-01,100.028511443727,0.04
696,2018-01-01,100.07057797948099,0.04
697,2018-02-01,100.113011167878,0.04
698,2018-03-01,100.15739831016501,0.04
699,2018-04-01,100.20082008243999,0.04
700,2018-05-01,100.23782815690001,0.04
701,2018-06-01,100.26244579869801,0.02
702,2018-07-01,100.27058480479499,0.01
703,2018-08-01,100.260475960677,-0.01
704,2018-09-01,100.234240581087,-0.03
705,2018-10-01,100.20072411341299,-0.03
706,2018-11-01,100.17014481688801,-0.03
707,2018-12-01,100.149276844929,-0.02
708,2019-01-01,100.136434417232,-0.01
709,2019-02-01,100.126030347258,-0.01
710,2019-03-01,100.112511090345,-0.01
711,2019-04-01,100.094077268556,-0.02
712,2019-05-01,100.071197290005,-0.02
713,2019-06-01,100.04545885371,-0.03
714,2019-07-01,100.018725399198,-0.03
715,2019-08-01,99.99299374944852,-0.03
716,2019-09-01,99.9703071146405,-0.02
717,2019-10-01,99.95258003066141,-0.02
718,2019-11-01,99.941362475743,-0.01
719,2019-12-01,99.9372303927218,-0.0
720,2020-01-01,99.93869028995891,0.0
721,2020-02-01,99.9435002425632,0.0
722,2020-03-01,94.9486694415011,-5.0
